      0/19      9.1G   0.03129   0.03739  0.002026    0.0707       560      1280    0.6932    0.3275    0.3572    0.1861   0.04705    0.3208   0.01067
      1/19      9.1G   0.03163   0.03785  0.002068   0.07155       559      1280    0.6769    0.3298    0.3517    0.1835   0.04757     0.321   0.01068
      2/19     9.11G   0.03229   0.03866   0.00225    0.0732       498      1280    0.6799     0.315    0.3394    0.1762   0.04902    0.3139   0.01115
      3/19     9.11G   0.03244   0.03927  0.002352   0.07407       381      1280    0.6817    0.3225    0.3456    0.1792   0.04846    0.3157   0.01151
      4/19     9.11G    0.0323   0.03894  0.002322   0.07357       537      1280    0.6691    0.3295    0.3479    0.1817    0.0483    0.3141    0.0118
      5/19     9.11G   0.03219   0.03873  0.002246   0.07317       515      1280     0.686    0.3233    0.3536    0.1847     0.048     0.316   0.01171
      6/19     9.11G   0.03208   0.03855  0.002203   0.07283       374      1280    0.6911    0.3366    0.3574    0.1883   0.04761    0.3179   0.01188
      7/19     9.11G   0.03204   0.03833  0.002183   0.07255       461      1280    0.6951    0.3381    0.3623    0.1908   0.04727    0.3201   0.01173
      8/19     9.11G   0.03193   0.03821  0.002144   0.07229       399      1280     0.698    0.3325     0.364     0.192     0.047    0.3209   0.01165
      9/19     9.11G   0.03189   0.03802    0.0021   0.07201       483      1280     0.688    0.3435    0.3673    0.1938   0.04677    0.3216   0.01168
     10/19     9.11G    0.0318   0.03787   0.00206   0.07173       453      1280    0.7239    0.3278    0.3693    0.1949   0.04655    0.3231   0.01173
     11/19     9.11G   0.03166   0.03771  0.002027   0.07139       440      1280    0.6932    0.3462    0.3725    0.1974   0.04643    0.3236   0.01179
     12/19     9.11G    0.0316    0.0375  0.001994   0.07109       433      1280    0.7117    0.3395    0.3735    0.1986   0.04633    0.3241   0.01177
     13/19     9.11G   0.03154   0.03723  0.001937    0.0707       497      1280    0.6986    0.3471    0.3752    0.1994   0.04623    0.3245   0.01177
     14/19     9.11G   0.03144   0.03729  0.001912   0.07064       591      1280    0.7392    0.3328     0.376       0.2   0.04613    0.3249   0.01174
     15/19     9.11G   0.03133   0.03685  0.001868   0.07005       396      1280    0.7204    0.3391    0.3774    0.2009   0.04605    0.3254   0.01172
     16/19     9.11G   0.03126   0.03663  0.001844   0.06973       383      1280    0.7177    0.3405    0.3781    0.2012   0.04598    0.3259   0.01169
     17/19     9.11G   0.03114   0.03654  0.001813    0.0695       449      1280    0.7168    0.3439    0.3789    0.2017   0.04591    0.3264   0.01168
     18/19     9.11G   0.03108   0.03648  0.001791   0.06936       408      1280    0.7147    0.3453    0.3792    0.2018   0.04585     0.327   0.01166
     19/19     9.11G   0.03103   0.03639  0.001767   0.06918       631      1280    0.7203    0.3431    0.3805    0.2027   0.04579    0.3276   0.01164
